/**** Start of imports. If edited, may not auto-convert in the playground. ****/
var geometry = /* color: #0000ff */ee.Geometry.Polygon(
        [[[89.86179691972278, 25.679910342681108],
          [89.94144779862903, 25.736828621922992],
          [90.02933842362903, 25.870355695696766],
          [90.12546879472278, 25.969167489599833],
          [90.16666752519153, 26.01360575389824],
          [90.21610600175403, 26.03828641450905],
          [90.26279789628528, 26.03828641450905],
          [90.35068852128528, 26.08023161777026],
          [90.41660649003528, 26.112297224474418],
          [90.46055180253528, 26.159146521443475],
          [90.51823002519153, 26.181331730530662],
          [90.57590824784778, 26.169007135522463],
          [90.64731938066028, 26.117229614413763],
          [90.73795658769153, 26.112297224474418],
          [90.79838139237903, 26.082698514933192],
          [90.90275150956653, 26.060494569151714],
          [91.00712162675403, 26.08763215327791],
          [91.06205326737903, 26.151750513820694],
          [91.12522465409778, 26.151750513820694],
          [91.18839604081653, 26.114763445462952],
          [91.25980717362903, 26.077764668618208],
          [91.35319096269153, 26.08023161777026],
          [91.45206791581653, 26.08023161777026],
          [91.53721195878528, 26.099965339087323],
          [91.60862309159778, 26.1221617961883],
          [91.69102055253528, 26.13695709224558],
          [91.78715092362903, 26.178866915777764],
          [91.88877445878528, 26.205977010268732],
          [92.01786381425403, 26.24047163726703],
          [92.13871342362903, 26.27741880936566],
          [92.21836430253528, 26.34143270993785],
          [92.31449467362903, 26.385729296715493],
          [92.42161137284778, 26.452142327468692],
          [92.53147465409778, 26.461978041053293],
          [92.62485844316028, 26.491480138766157],
          [92.72098881425403, 26.479188517575253],
          [92.80887943925403, 26.52343220287958],
          [92.87205082597278, 26.562745614498166],
          [92.97092777909778, 26.555375376307563],
          [93.07804447831653, 26.552918524936114],
          [93.18790775956653, 26.579940993619296],
          [93.29777104081653, 26.606957087348643],
          [93.35544926347278, 26.663424663444747],
          [93.44059330644153, 26.69532876684264],
          [93.50376469316028, 26.658515547654265],
          [93.57517582597278, 26.64869668257663],
          [93.69877201737903, 26.67078794111924],
          [93.80863529862903, 26.700236297965414],
          [93.99814945878528, 26.77382388135266],
          [94.19714094799842, 26.80569703951976],
          [94.32897688549842, 26.849814317522522],
          [94.46905256909217, 26.957584146199935],
          [94.57342268627967, 27.05057521194683],
          [94.65856672924842, 27.16548393742477],
          [94.74645735424842, 27.265626995624874],
          [94.85632063549842, 27.397385172034696],
          [95.07330061596717, 27.494882724054225],
          [95.28753401440467, 27.521679435272688],
          [95.40838362377967, 27.567949284298635],
          [95.53747297924842, 27.67259322202883],
          [95.75170637768592, 27.723662026232585],
          [96.13622786206092, 27.825727873617097],
          [96.02636458081092, 27.884008183451332],
          [95.92199446362342, 27.947109806788774],
          [95.75170637768592, 27.95196225227558],
          [95.58416487377967, 27.913136584822027],
          [95.42211653393592, 27.85001514316201],
          [95.30950667065467, 27.83544343383157],
          [95.20788313549842, 27.760125106104134],
          [95.13647200268592, 27.738248722692887],
          [94.98540999096717, 27.66043046192827],
          [94.81786848706092, 27.565514515032067],
          [94.66405989331092, 27.42908132663208],
          [94.58990217846717, 27.30712330767353],
          [94.48003889721717, 27.16548393742477],
          [94.40038801831092, 27.05057521194683],
          [94.22186018627967, 26.96248032965341],
          [94.03509260815467, 26.93799728459908],
          [93.90325667065467, 26.918407019812506],
          [93.76043440502967, 26.864516257852912],
          [93.67529036206092, 26.820404707635284],
          [93.51598860424842, 26.81059980757384],
          [93.33746077221717, 26.783631960410844],
          [93.23583723706092, 26.737036041046178],
          [93.02984358471717, 26.685513070494437],
          [92.90624739331092, 26.66587914214111],
          [92.79089094799842, 26.64869668257663],
          [92.69201399487342, 26.65606091056689],
          [92.52447249096717, 26.653606220689255],
          [92.31573225659217, 26.572571861470248],
          [92.15093733471717, 26.471812914276345],
          [91.93945051831092, 26.351277862535767],
          [91.79662825268592, 26.282344210713376],
          [91.64281965893592, 26.230617073422486],
          [91.55218245190467, 26.201048371537333],
          [91.42034651440467, 26.20351271698424],
          [91.32970930737342, 26.230617073422486],
          [91.26653792065467, 26.26264135105279],
          [91.19512678784217, 26.282344210713376],
          [91.07977034252967, 26.27495603029132],
          [90.98089338940467, 26.265104391404606],
          [90.80785872143592, 26.282344210713376],
          [90.73095442456092, 26.260178258455806],
          [90.63207747143592, 26.25032536568497],
          [90.53869368237342, 26.279881536174152],
          [90.44530989331092, 26.265104391404606],
          [90.33270003002967, 26.225689478284252],
          [90.18713118237342, 26.19365502225683],
          [90.07452131909217, 26.127093769770294],
          [89.97015120190467, 26.065429143143454],
          [89.82458235424842, 26.018542301292236]]]);
/***** End of imports. If edited, may not auto-convert in the playground. *****/
geometry=ee.FeatureCollection(geometry);
Map.addLayer(geometry);
Export.table.toDrive({
  collection: geometry,
  description:'Brahmaputra',
  fileFormat: 'SHP'
});